1 101 0.334 1 1
1 102 -0.296 1 2
1 103 -1.71 1 3
1 104 -1.188 1 4
1 105 -1.523 1 5
1 106 -2.6565 1 6
1 107 -1.132 1 7
1 108 1.22 1 8
1 109 2.3525 1 9
1 110 1.742 1 10
1 111 0.294 1 11
1 112 -1.0495 1 12
1 113 1.0845 1 13
1 114 0.2755 1 14
1 115 1.166 1 15
1 116 -0.049 1 16
1 117 -0.7315 1 17
1 118 -0.83 1 18
2 101 0.668 1 19
2 102 -1.8035 1 20
2 103 0.042 1 21
2 104 1.998 1 22
2 105 0.3845 1 23
2 106 -1.0325 1 24
2 107 -0.409 1 25
2 108 -1.9645 1 26
2 109 1.878 1 27
2 110 -0.726 1 28
2 111 -0.993 1 29
2 112 -0.84 1 30
2 113 0.151 1 31
2 114 -0.8285 1 32
2 115 0.438 1 33
2 116 -0.762 1 34
2 117 0.243 1 35
2 118 1.802 1 36
3 101 2.556 1 37
3 102 1.6595 1 38
3 103 1.3455 1 39
3 104 1.768 1 40
3 105 0.2485 1 41
3 106 -1.342 1 42
3 107 -0.6085 1 43
3 108 1.0115 1 44
3 109 -0.0995 1 45
3 110 -0.311 1 46
3 111 -0.662 1 47
3 112 -1.8215 1 48
3 113 0.398 1 49
3 114 2.57 1 50
3 115 -1.9395 1 51
3 116 -1.1065 1 52
3 117 -1.1125 1 53
3 118 1.542 1 54
4 101 -0.9465 1 55
4 102 -0.93 1 56
4 103 -1.782 1 57
4 104 1.5215 1 58
4 105 0.841 1 59
4 106 0.2365 1 60
4 107 0.0485 1 61
4 108 0.036 1 62
4 109 1.838 1 63
4 110 -2.6145 1 64
4 111 0.396 1 65
4 112 -1.44 1 66
4 113 0.9485 1 67
4 114 1.953 1 68
4 115 -0.04 1 69
4 116 2.164 1 70
4 117 -1.445 1 71
4 118 -0.67 1 72
5 101 -2.193 1 73
5 102 0.831 1 74
5 103 0.26 1 75
5 104 0.8085 1 76
5 105 0.726 1 77
5 106 1.791 1 78
5 107 -0.752 1 79
5 108 -0.132 1 80
5 109 0.904 1 81
5 110 -1.009 1 82
5 111 -0.916 1 83
5 112 -1.4225 1 84
5 113 -1.867 1 85
5 114 0.5685 1 86
5 115 -0.8365 1 87
5 116 0.8065 1 88
5 117 0.6755 1 89
5 118 -1.202 1 90
6 101 -1.694 1 91
6 102 -1.558 1 92
6 103 0.3215 1 93
6 104 -1.205 1 94
6 105 1.0775 1 95
6 106 1.632 1 96
6 107 -1.9935 1 97
6 108 -0.026 1 98
6 109 0.725 1 99
6 110 0.995 1 100
6 111 0.3765 1 101
6 112 0.266 1 102
6 113 -1.162 1 103
6 114 1.097 1 104
6 115 -0.1225 1 105
6 116 -0.353 1 106
6 117 0.051 1 107
6 118 -0.8375 1 108
7 101 -0.342 1 109
7 102 -0.152 1 110
7 103 -1.328 1 111
7 104 0.122 1 112
7 105 1.0065 1 113
7 106 0.194 1 114
7 107 -1.008 1 115
7 108 0.6225 1 116
7 109 0.367 1 117
7 110 0.83 1 118
7 111 -0.7845 1 119
7 112 -0.07 1 120
7 113 1.4835 1 121
7 114 0.4805 1 122
7 115 0.9885 1 123
7 116 -0.975 1 124
7 117 1.4435 1 125
7 118 -0.652 1 126
8 101 -2.239 1 127
8 102 1.0255 1 128
8 103 -1.462 1 129
8 104 -1.745 1 130
8 105 -0.0725 1 131
8 106 0.6 1 132
8 107 1.3305 1 133
8 108 0.1435 1 134
8 109 0.5635 1 135
8 110 -0.726 1 136
8 111 -0.6265 1 137
8 112 -0.6765 1 138
8 113 -1.4375 1 139
8 114 1.1115 1 140
8 115 1.202 1 141
8 116 1.872 1 142
8 117 1.3825 1 143
8 118 0.2005 1 144
9 101 1.9325 1 145
9 102 -1.7915 1 146
9 103 -0.155 1 147
9 104 1.3315 1 148
9 105 -1.036 1 149
9 106 -1.241 1 150
9 107 -2.411 1 151
9 108 0.504 1 152
9 109 1.528 1 153
9 110 0.516 1 154
9 111 1.18 1 155
9 112 0.4345 1 156
9 113 -2.1165 1 157
9 114 -2.214 1 158
9 115 -0.034 1 159
9 116 -1.323 1 160
9 117 -1.567 1 161
9 118 1.252 1 162
10 101 1.217 1 163
10 102 1.6345 1 164
10 103 1.588 1 165
10 104 1.4545 1 166
10 105 -1.1835 1 167
10 106 -1.371 1 168
10 107 -2.0335 1 169
10 108 -0.649 1 170
10 109 -1.3595 1 171
10 110 2.1095 1 172
10 111 -0.566 1 173
10 112 -1.546 1 174
10 113 1.756 1 175
10 114 -0.4285 1 176
10 115 -0.5245 1 177
10 116 0.45 1 178
10 117 2.534 1 179
10 118 1.2455 1 180
11 101 -1.3235 1 181
11 102 2.22 1 182
11 103 -1.094 1 183
11 104 0.57 1 184
11 105 -1.086 1 185
11 106 -0.948 1 186
11 107 -1.06 1 187
11 108 -1.543 1 188
11 109 -0.696 1 189
11 110 1.9875 1 190
11 111 0.193 1 191
11 112 -0.6435 1 192
11 113 -2.236 1 193
11 114 0.5335 1 194
11 115 -1.0075 1 195
11 116 -1.8 1 196
11 117 0.651 1 197
11 118 1.744 1 198
12 101 -1.794 1 199
12 102 -0.3655 1 200
12 103 -0.252 1 201
12 104 -1.603 1 202
12 105 -0.016 1 203
12 106 1.1245 1 204
12 107 0.0625 1 205
12 108 0.34 1 206
12 109 -2.0265 1 207
12 110 -2.1165 1 208
12 111 -1.4695 1 209
12 112 -0.483 1 210
12 113 -1.9645 1 211
12 114 1.6975 1 212
12 115 1.748 1 213
12 116 -1.784 1 214
12 117 0.5295 1 215
12 118 1.875 1 216
13 101 -0.6155 1 217
13 102 -1.1615 1 218
13 103 -1.3645 1 219
13 104 1.23 1 220
13 105 -1.6385 1 221
13 106 2.0095 1 222
13 107 -1.3315 1 223
13 108 -0.9615 1 224
13 109 -0.136 1 225
13 110 -0.616 1 226
13 111 -0.1005 1 227
13 112 0.854 1 228
13 113 -0.526 1 229
13 114 -0.784 1 230
13 115 -0.207 1 231
13 116 0.494 1 232
13 117 1.7785 1 233
13 118 0.212 1 234
14 101 -0.7125 1 235
14 102 0.888 1 236
14 103 1.042 1 237
14 104 0.0885 1 238
14 105 0.6045 1 239
14 106 0.7205 1 240
14 107 0.7445 1 241
14 108 0.898 1 242
14 109 -2.1195 1 243
14 110 -0.2895 1 244
14 111 0.559 1 245
14 112 0.927 1 246
14 113 0.489 1 247
14 114 0.9345 1 248
14 115 -0.5 1 249
14 116 -0.746 1 250
14 117 1.3 1 251
14 118 -1.855 1 252
15 101 -1.0915 1 253
15 102 -0.8115 1 254
15 103 1.1705 1 255
15 104 1.7905 1 256
15 105 1.769 1 257
15 106 -0.2195 1 258
15 107 1.834 1 259
15 108 0.9765 1 260
15 109 -0.038 1 261
15 110 -0.311 1 262
15 111 -0.985 1 263
15 112 -2.031 1 264
15 113 0.5105 1 265
15 114 -0.5045 1 266
15 115 -1.1415 1 267
15 116 -0.271 1 268
15 117 -1.5975 1 269
15 118 -0.282 1 270
16 101 1.974 1 271
16 102 0.5365 1 272
16 103 -1.3085 1 273
16 104 2.328 1 274
16 105 1.2675 1 275
16 106 0.059 1 276
16 107 0.581 1 277
16 108 0.658 1 278
16 109 0.407 1 279
16 110 0.2805 1 280
16 111 1.647 1 281
16 112 0.186 1 282
16 113 1.3175 1 283
16 114 -0.239 1 284
16 115 0.298 1 285
16 116 -1.463 1 286
16 117 -0.811 1 287
16 118 0.954 1 288
17 101 -0.0255 1 289
17 102 -0.3125 1 290
17 103 -0.682 1 291
17 104 1.316 1 292
17 105 0.3765 1 293
17 106 -0.1145 1 294
17 107 -0.364 1 295
17 108 -0.4925 1 296
17 109 -0.0825 1 297
17 110 -1.559 1 298
17 111 -0.8595 1 299
17 112 0.486 1 300
17 113 1.981 1 301
17 114 -0.5765 1 302
17 115 1.5085 1 303
17 116 -1.2105 1 304
17 117 1.579 1 305
17 118 0.0995 1 306
18 101 -0.6325 1 307
18 102 1.3935 1 308
18 103 -1.4015 1 309
18 104 1.7305 1 310
18 105 -1.29 1 311
18 106 -0.304 1 312
18 107 0.244 1 313
18 108 -0.407 1 314
18 109 1.057 1 315
18 110 1.3295 1 316
18 111 -0.624 1 317
18 112 -1.313 1 318
18 113 -0.3535 1 319
18 114 0.399 1 320
18 115 -0.4265 1 321
18 116 -1.79 1 322
18 117 -0.358 1 323
18 118 -0.1765 1 324
19 101 -1.2015 1 325
19 102 -1.3145 1 326
19 103 -1.8445 1 327
19 104 -1.8575 1 328
19 105 -1.255 1 329
19 106 -1.91 1 330
19 107 -1.586 1 331
19 108 -1.208 1 332
19 109 -0.478 1 333
19 110 1.65 1 334
19 111 -0.084 1 335
19 112 -0.942 1 336
19 113 -0.345 1 337
19 114 1.9955 1 338
19 115 -0.8975 1 339
19 116 1.5445 1 340
19 117 1.268 1 341
19 118 -1.9385 1 342
20 101 -1.2835 1 343
20 102 0.139 1 344
20 103 0.5285 1 345
20 104 1.2775 1 346
20 105 -0.0995 1 347
20 106 1.97 1 348
20 107 -1.8585 1 349
20 108 -0.812 1 350
20 109 -1.7125 1 351
20 110 0.3205 1 352
20 111 -1.6965 1 353
20 112 1.132 1 354
20 113 -1.057 1 355
20 114 -0.7905 1 356
20 115 0.081 1 357
20 116 -1.1575 1 358
20 117 0.2965 1 359
20 118 1.5415 1 360
21 101 -1.1675 1 361
21 102 2.1515 1 362
21 103 -1.445 1 363
21 104 1.908 1 364
21 105 0.776 1 365
21 106 1.024 1 366
21 107 1.97 1 367
21 108 -0.972 1 368
21 109 0.2635 1 369
21 110 0.7305 1 370
21 111 -1.337 1 371
21 112 -0.3405 1 372
21 113 1.3535 1 373
21 114 -1.14 1 374
21 115 -1.2265 1 375
21 116 -0.41 1 376
21 117 -0.6275 1 377
21 118 1.2025 1 378
22 101 1.0335 1 379
22 102 -1.0315 1 380
22 103 -0.451 1 381
22 104 1.2805 1 382
22 105 2.07 1 383
22 106 1.1755 1 384
22 107 -0.6345 1 385
22 108 -0.8135 1 386
22 109 1.0745 1 387
22 110 -1.1 1 388
22 111 1.2005 1 389
22 112 1.2475 1 390
22 113 -0.7855 1 391
22 114 -1.3445 1 392
22 115 1.0575 1 393
22 116 0.321 1 394
22 117 -1.154 1 395
22 118 -0.7805 1 396
23 101 1.7225 1 397
23 102 0.2455 1 398
23 103 1.74 1 399
23 104 -0.46 1 400
23 105 -0.55 1 401
23 106 -0.2745 1 402
23 107 1.318 1 403
23 108 -0.568 1 404
23 109 1.2025 1 405
23 110 -1.326 1 406
23 111 -0.829 1 407
23 112 1.76 1 408
23 113 -0.162 1 409
23 114 -1.7035 1 410
23 115 1.724 1 411
23 116 1.026 1 412
23 117 -1.6405 1 413
23 118 -0.3 1 414
24 101 0.482 1 415
24 102 0.6595 1 416
24 103 -0.3385 1 417
24 104 1.68 1 418
24 105 1.6385 1 419
24 106 1.374 1 420
24 107 -0.012 1 421
24 108 2.4495 1 422
24 109 -0.1045 1 423
24 110 -1.5445 1 424
24 111 0.8345 1 425
24 112 0.716 1 426
24 113 -0.61 1 427
24 114 -1.1515 1 428
24 115 -0.835 1 429
24 116 0.02 1 430
24 117 0.212 1 431
24 118 -0.79 1 432
25 101 -0.3065 1 433
25 102 -1.146 1 434
25 103 -1.938 1 435
25 104 1.334 1 436
25 105 1.254 1 437
25 106 -0.6405 1 438
25 107 -0.703 1 439
25 108 -1.893 1 440
25 109 -0.1705 1 441
25 110 -0.0975 1 442
25 111 0.524 1 443
25 112 0.465 1 444
25 113 0.7385 1 445
25 114 0.571 1 446
25 115 -1.1415 1 447
25 116 -0.9725 1 448
25 117 -0.282 1 449
25 118 -0.5975 1 450
26 101 0.0845 1 451
26 102 0.526 1 452
26 103 -0.757 1 453
26 104 -1.507 1 454
26 105 -1.5775 1 455
26 106 -0.8325 1 456
26 107 -1.758 1 457
26 108 1.436 1 458
26 109 -1.8025 1 459
26 110 -0.9805 1 460
26 111 -0.437 1 461
26 112 -0.9815 1 462
26 113 -1.3725 1 463
26 114 1.763 1 464
26 115 -2.3465 1 465
26 116 -0.5075 1 466
26 117 0.8585 1 467
26 118 1.2365 1 468
27 101 0.631 1 469
27 102 0.242 1 470
27 103 1.383 1 471
27 104 -0.407 1 472
27 105 0.7055 1 473
27 106 0.438 1 474
27 107 -0.2765 1 475
27 108 0.1585 1 476
27 109 -0.8215 1 477
27 110 -0.352 1 478
27 111 -1.864 1 479
27 112 1.7905 1 480
27 113 0.688 1 481
27 114 0.9615 1 482
27 115 -1.6235 1 483
27 116 -2.3185 1 484
27 117 1.0535 1 485
27 118 -0.804 1 486
28 101 -1.0635 1 487
28 102 0.4305 1 488
28 103 -1.384 1 489
28 104 1.3775 1 490
28 105 -0.214 1 491
28 106 0.086 1 492
28 107 -0.999 1 493
28 108 -1.198 1 494
28 109 0.061 1 495
28 110 -1.634 1 496
28 111 0.9935 1 497
28 112 -2.0175 1 498
28 113 -1.264 1 499
28 114 1.0485 1 500
28 115 1.0585 1 501
28 116 1.6425 1 502
28 117 0.547 1 503
28 118 1.241 1 504
29 101 1.637 1 505
29 102 1.3415 1 506
29 103 -1.782 1 507
29 104 1.6155 1 508
29 105 -0.955 1 509
29 106 0.2265 1 510
29 107 -0.831 1 511
29 108 1.282 1 512
29 109 2.0485 1 513
29 110 -0.7415 1 514
29 111 -1.3485 1 515
29 112 -0.1785 1 516
29 113 0.4855 1 517
29 114 0.936 1 518
29 115 -0.4485 1 519
29 116 0.544 1 520
29 117 0.4745 1 521
29 118 0.303 1 522
30 101 -1.342 1 523
30 102 1.661 1 524
30 103 -2.3635 1 525
30 104 1.237 1 526
30 105 -0.1335 1 527
30 106 1.66 1 528
30 107 -1.121 1 529
30 108 0.263 1 530
30 109 1.948 1 531
30 110 0.798 1 532
30 111 1.1465 1 533
30 112 1.722 1 534
30 113 1.384 1 535
30 114 0.498 1 536
30 115 0.904 1 537
30 116 -1.77 1 538
30 117 -0.541 1 539
30 118 -1.719 1 540
31 101 1.5355 1 541
31 102 0.488 1 542
31 103 -1.9935 1 543
31 104 -1.4045 1 544
31 105 -1.4375 1 545
31 106 -0.1255 1 546
31 107 -0.683 1 547
31 108 1.696 1 548
31 109 -1.4685 1 549
31 110 1.3025 1 550
31 111 0.4075 1 551
31 112 -1.738 1 552
31 113 0.502 1 553
31 114 1.6455 1 554
31 115 -1.7715 1 555
31 116 1.4345 1 556
31 117 0.611 1 557
31 118 -0.6155 1 558
32 101 0.65 1 559
32 102 1.846 1 560
32 103 1.112 1 561
32 104 1.4535 1 562
32 105 0.6725 1 563
32 106 1.7265 1 564
32 107 -1.3975 1 565
32 108 -0.632 1 566
32 109 0.3145 1 567
32 110 1.07 1 568
32 111 -0.6385 1 569
32 112 0.528 1 570
32 113 1.742 1 571
32 114 -1.4865 1 572
32 115 -1.548 1 573
32 116 -1.029 1 574
32 117 -0.362 1 575
32 118 -1.948 1 576
33 101 0.016 1 577
33 102 -0.552 1 578
33 103 -0.661 1 579
33 104 1.6875 1 580
33 105 1.632 1 581
33 106 1.67 1 582
33 107 2.21 1 583
33 108 0.477 1 584
33 109 -2.2245 1 585
33 110 -0.731 1 586
33 111 0.408 1 587
33 112 2.242 1 588
33 113 1.01 1 589
33 114 -0.848 1 590
33 115 1.9235 1 591
33 116 -2.1215 1 592
33 117 -1.3055 1 593
33 118 0.9935 1 594
34 101 0.4155 1 595
34 102 -0.634 1 596
34 103 -1.78 1 597
34 104 -2.1555 1 598
34 105 -0.7265 1 599
34 106 1.4885 1 600
34 107 -0.576 1 601
34 108 -1.1485 1 602
34 109 -1.0505 1 603
34 110 0.8435 1 604
34 111 0.2285 1 605
34 112 1 1 606
34 113 -0.8075 1 607
34 114 -0.5875 1 608
34 115 0.676 1 609
34 116 -0.073 1 610
34 117 -0.4475 1 611
34 118 -1.176 1 612
35 101 0.8175 1 613
35 102 1.512 1 614
35 103 1.3755 1 615
35 104 0.6445 1 616
35 105 2.605 1 617
35 106 -0.844 1 618
35 107 -0.94 1 619
35 108 0.872 1 620
35 109 2.1545 1 621
35 110 1.5945 1 622
35 111 1.68 1 623
35 112 -0.832 1 624
35 113 -1.416 1 625
35 114 1.1995 1 626
35 115 1.518 1 627
35 116 1.934 1 628
35 117 -1.473 1 629
35 118 -1.5945 1 630
36 101 1.5275 1 631
36 102 0.0045 1 632
36 103 -0.6405 1 633
36 104 -2.194 1 634
36 105 -1.2745 1 635
36 106 -1.021 1 636
36 107 -1.2145 1 637
36 108 0.636 1 638
36 109 0.582 1 639
36 110 -1.9615 1 640
36 111 -1.101 1 641
36 112 -1.2025 1 642
36 113 -0.42 1 643
36 114 1.9185 1 644
36 115 1.7685 1 645
36 116 -0.739 1 646
36 117 0.084 1 647
36 118 2.045 1 648
37 101 0.8165 1 649
37 102 0.196 1 650
37 103 1.624 1 651
37 104 0.9635 1 652
37 105 -0.783 1 653
37 106 1.5525 1 654
37 107 0.2365 1 655
37 108 -1.2585 1 656
37 109 1.1575 1 657
37 110 -0.641 1 658
37 111 -1.3945 1 659
37 112 1.028 1 660
37 113 -1.398 1 661
37 114 -1.6275 1 662
37 115 1.7055 1 663
37 116 -0.366 1 664
37 117 -1.6645 1 665
37 118 -1.978 1 666
38 101 -0.482 1 667
38 102 -0.7495 1 668
38 103 1.585 1 669
38 104 1.2575 1 670
38 105 -1.4335 1 671
38 106 -1.4615 1 672
38 107 1.284 1 673
38 108 0.351 1 674
38 109 -2.4955 1 675
38 110 -0.367 1 676
38 111 -1.84 1 677
38 112 1.134 1 678
38 113 -1.53 1 679
38 114 1.29 1 680
38 115 0.1565 1 681
38 116 -1.241 1 682
38 117 -1.6005 1 683
38 118 1.9625 1 684
39 101 1.475 1 685
39 102 1.3585 1 686
39 103 -0.769 1 687
39 104 1.8385 1 688
39 105 2.0435 1 689
39 106 -0.8025 1 690
39 107 -1.2565 1 691
39 108 0.234 1 692
39 109 -1.442 1 693
39 110 1.424 1 694
39 111 0.235 1 695
39 112 -0.8735 1 696
39 113 -1.6745 1 697
39 114 -1.4235 1 698
39 115 1.608 1 699
39 116 -1.5015 1 700
39 117 -1.37 1 701
39 118 -0.259 1 702
40 101 -1.004 1 703
40 102 0.0815 1 704
40 103 -0.479 1 705
40 104 1.418 1 706
40 105 1.996 1 707
40 106 1.4675 1 708
40 107 0.5375 1 709
40 108 -1.225 1 710
40 109 -1.126 1 711
40 110 -1.821 1 712
40 111 -0.9315 1 713
40 112 -0.218 1 714
40 113 -1.19 1 715
40 114 -1.1995 1 716
40 115 -2.338 1 717
40 116 -0.322 1 718
40 117 -1.08 1 719
40 118 1.992 1 720
41 101 -0.132 1 721
41 102 -0.96 1 722
41 103 1.1015 1 723
41 104 -1.4165 1 724
41 105 -1.2175 1 725
41 106 -0.6785 1 726
41 107 0.273 1 727
41 108 1.417 1 728
41 109 0.96 1 729
41 110 -0.1 1 730
41 111 1.7375 1 731
41 112 1.971 1 732
41 113 1.688 1 733
41 114 0.3365 1 734
41 115 0.32 1 735
41 116 -0.738 1 736
41 117 1.618 1 737
41 118 -1.162 1 738
42 101 1.404 1 739
42 102 -0.083 1 740
42 103 0.076 1 741
42 104 0.85 1 742
42 105 -0.828 1 743
42 106 0.9145 1 744
42 107 -0.473 1 745
42 108 1.717 1 746
42 109 2.4065 1 747
42 110 -0.064 1 748
42 111 -0.162 1 749
42 112 -0.8255 1 750
42 113 -0.7525 1 751
42 114 -0.84 1 752
42 115 1.0645 1 753
42 116 -1.4575 1 754
42 117 -0.748 1 755
42 118 -1.0195 1 756
43 101 1.107 1 757
43 102 2.15 1 758
43 103 -1.331 1 759
43 104 -0.095 1 760
43 105 1.75 1 761
43 106 -0.908 1 762
43 107 -0.598 1 763
43 108 1.0645 1 764
43 109 1.104 1 765
43 110 -1.2155 1 766
43 111 1.462 1 767
43 112 1.1315 1 768
43 113 0.4525 1 769
43 114 -0.568 1 770
43 115 -0.063 1 771
43 116 0.346 1 772
43 117 -1.7275 1 773
43 118 1.003 1 774
44 101 0.7145 1 775
44 102 -1.0715 1 776
44 103 -1.133 1 777
44 104 -1.1505 1 778
44 105 0.311 1 779
44 106 0.8065 1 780
44 107 -1.055 1 781
44 108 -1.7735 1 782
44 109 -0.194 1 783
44 110 1.29 1 784
44 111 -1.298 1 785
44 112 -1.836 1 786
44 113 -0.5795 1 787
44 114 -1.8565 1 788
44 115 0.1275 1 789
44 116 -0.4625 1 790
44 117 0.8475 1 791
44 118 -0.7735 1 792
45 101 0.842 1 793
45 102 -1.495 1 794
45 103 1.1055 1 795
45 104 0.926 1 796
45 105 -0.204 1 797
45 106 -1.5735 1 798
45 107 -1.021 1 799
45 108 -1.912 1 800
45 109 -0.756 1 801
45 110 1.35 1 802
45 111 -1.134 1 803
45 112 -0.0995 1 804
45 113 -0.9815 1 805
45 114 1.827 1 806
45 115 1.2085 1 807
45 116 0.9575 1 808
45 117 1.298 1 809
45 118 -0.6275 1 810
46 101 0.324 1 811
46 102 -2.7115 1 812
46 103 -0.464 1 813
46 104 0.3415 1 814
46 105 0.9285 1 815
46 106 0.815 1 816
46 107 -1.653 1 817
46 108 -0.783 1 818
46 109 0.448 1 819
46 110 1.078 1 820
46 111 -2.0295 1 821
46 112 0.5695 1 822
46 113 -1.1295 1 823
46 114 1.4135 1 824
46 115 -1.6835 1 825
46 116 -1.0145 1 826
46 117 -0.365 1 827
46 118 0.826 1 828
47 101 -0.0655 1 829
47 102 1.691 1 830
47 103 1.3545 1 831
47 104 1.784 1 832
47 105 0.5745 1 833
47 106 1.598 1 834
47 107 0.2865 1 835
47 108 1.4965 1 836
47 109 2.1175 1 837
47 110 1.82 1 838
47 111 1.3965 1 839
47 112 0.5655 1 840
47 113 0.3185 1 841
47 114 -0.419 1 842
47 115 2.014 1 843
47 116 -1.1145 1 844
47 117 -1.629 1 845
47 118 0.3395 1 846
48 101 -0.352 1 847
48 102 -0.578 1 848
48 103 0.147 1 849
48 104 -1.3605 1 850
48 105 -0.9745 1 851
48 106 -0.062 1 852
48 107 -0.148 1 853
48 108 0.032 1 854
48 109 -0.632 1 855
48 110 -1.3855 1 856
48 111 1.73 1 857
48 112 1.2595 1 858
48 113 1.0955 1 859
48 114 -0.0415 1 860
48 115 0.8645 1 861
48 116 -0.247 1 862
48 117 -0.535 1 863
48 118 0.2445 1 864
49 101 0.943 1 865
49 102 -0.23 1 866
49 103 -0.021 1 867
49 104 1.156 1 868
49 105 -1.772 1 869
49 106 -0.2795 1 870
49 107 -0.2495 1 871
49 108 1.3665 1 872
49 109 0.673 1 873
49 110 0.29 1 874
49 111 1.7645 1 875
49 112 -1.618 1 876
49 113 1.0835 1 877
49 114 -2.4985 1 878
49 115 0.9365 1 879
49 116 -0.738 1 880
49 117 -2.266 1 881
49 118 -1.74 1 882
50 101 -1.952 1 883
50 102 -1.7735 1 884
50 103 1.6205 1 885
50 104 0.394 1 886
50 105 -1.1165 1 887
50 106 1.6245 1 888
50 107 0.7095 1 889
50 108 -2.3715 1 890
50 109 -0.209 1 891
50 110 -0.99 1 892
50 111 -1.1095 1 893
50 112 1.911 1 894
50 113 1.042 1 895
50 114 -0.328 1 896
50 115 -0.091 1 897
50 116 1.625 1 898
50 117 1.4065 1 899
50 118 -0.812 1 900
51 101 -1.194 1 901
51 102 0.962 1 902
51 103 -1.5805 1 903
51 104 -0.5475 1 904
51 105 -0.2445 1 905
51 106 -0.9305 1 906
51 107 1.2785 1 907
51 108 -1.824 1 908
51 109 -0.66 1 909
51 110 0.39 1 910
51 111 -1.666 1 911
51 112 0.788 1 912
51 113 1.2075 1 913
51 114 0.515 1 914
51 115 0.968 1 915
51 116 0.706 1 916
51 117 0.0705 1 917
51 118 2.089 1 918
52 101 -0.368 1 919
52 102 -1.4095 1 920
52 103 -1.3345 1 921
52 104 -0.6145 1 922
52 105 0.0855 1 923
52 106 2.269 1 924
52 107 -0.084 1 925
52 108 -1.002 1 926
52 109 -0.6035 1 927
52 110 1.346 1 928
52 111 -1.336 1 929
52 112 1.085 1 930
52 113 -0.3645 1 931
52 114 0.568 1 932
52 115 0.8315 1 933
52 116 0.9935 1 934
52 117 -1.1665 1 935
52 118 2.143 1 936
53 101 0.6545 1 937
53 102 1.423 1 938
53 103 1.3375 1 939
53 104 -0.794 1 940
53 105 -0.394 1 941
53 106 -0.5675 1 942
53 107 -1.2675 1 943
53 108 -1.065 1 944
53 109 -0.395 1 945
53 110 1.1395 1 946
53 111 -0.9635 1 947
53 112 1.2835 1 948
53 113 -1.438 1 949
53 114 -2.566 1 950
53 115 1.7695 1 951
53 116 1.5905 1 952
53 117 0.66 1 953
53 118 -1.5035 1 954
54 101 -0.5785 1 955
54 102 -0.1885 1 956
54 103 -1.2735 1 957
54 104 -1.5405 1 958
54 105 -0.653 1 959
54 106 0.022 1 960
54 107 0.6 1 961
54 108 1.6955 1 962
54 109 -1.017 1 963
54 110 -0.325 1 964
54 111 -1.86 1 965
54 112 -0.774 1 966
54 113 0.076 1 967
54 114 0.295 1 968
54 115 -1.243 1 969
54 116 0.6765 1 970
54 117 2.1755 1 971
54 118 0.935 1 972
55 101 -0.303 1 973
55 102 0.381 1 974
55 103 -0.143 1 975
55 104 0.3665 1 976
55 105 -2.399 1 977
55 106 -0.467 1 978
55 107 0.646 1 979
55 108 -1.3305 1 980
55 109 0.6785 1 981
55 110 0.437 1 982
55 111 1.658 1 983
55 112 -0.124 1 984
55 113 -0.317 1 985
55 114 -1.4565 1 986
55 115 -0.363 1 987
55 116 -0.9505 1 988
55 117 -1.606 1 989
55 118 -1.377 1 990
56 101 -0.6305 1 991
56 102 1.952 1 992
56 103 -1.578 1 993
56 104 -2.2985 1 994
56 105 0.2755 1 995
56 106 1.141 1 996
56 107 0.372 1 997
56 108 -1.868 1 998
56 109 -0.915 1 999
56 110 -0.564 1 1000
56 111 1.7105 1 1001
56 112 -0.666 1 1002
56 113 -1.1665 1 1003
56 114 -0.641 1 1004
56 115 -0.1605 1 1005
56 116 -1.778 1 1006
56 117 -0.732 1 1007
56 118 0.118 1 1008
57 101 1.826 1 1009
57 102 1.958 1 1010
57 103 0.9245 1 1011
57 104 -2.5925 1 1012
57 105 1.106 1 1013
57 106 -0.572 1 1014
57 107 0.224 1 1015
57 108 1.365 1 1016
57 109 0.6115 1 1017
57 110 0.42 1 1018
57 111 -2.3895 1 1019
57 112 0.18 1 1020
57 113 0.1925 1 1021
57 114 2.0635 1 1022
57 115 1.7315 1 1023
57 116 -0.748 1 1024
57 117 -0.856 1 1025
57 118 1.0895 1 1026
58 101 -0.896 1 1027
58 102 -2.1665 1 1028
58 103 -0.564 1 1029
58 104 -1.2915 1 1030
58 105 -0.252 1 1031
58 106 0.5095 1 1032
58 107 -1.853 1 1033
58 108 -0.7135 1 1034
58 109 -1.4955 1 1035
58 110 -0.7555 1 1036
58 111 -0.258 1 1037
58 112 1.55 1 1038
58 113 -1.606 1 1039
58 114 -1.453 1 1040
58 115 -2.191 1 1041
58 116 1.701 1 1042
58 117 -1.332 1 1043
58 118 -0.63 1 1044
59 101 0.0475 1 1045
59 102 -0.809 1 1046
59 103 0.299 1 1047
59 104 -2.0445 1 1048
59 105 1.554 1 1049
59 106 -1.7405 1 1050
59 107 -1.598 1 1051
59 108 -2.012 1 1052
59 109 -0.3565 1 1053
59 110 0.3755 1 1054
59 111 0.4095 1 1055
59 112 0.46 1 1056
59 113 -0.511 1 1057
59 114 1.876 1 1058
59 115 1.1905 1 1059
59 116 -0.8305 1 1060
59 117 1.2615 1 1061
59 118 -1.886 1 1062
60 101 -1.1545 1 1063
60 102 -0.6265 1 1064
60 103 0.1995 1 1065
60 104 -2.204 1 1066
60 105 0.357 1 1067
60 106 0.5075 1 1068
60 107 -1.4745 1 1069
60 108 0.9235 1 1070
60 109 -1.517 1 1071
60 110 1.5365 1 1072
60 111 1.2205 1 1073
60 112 0.328 1 1074
60 113 0.166 1 1075
60 114 -1.166 1 1076
60 115 0.1305 1 1077
60 116 1.0245 1 1078
60 117 0.6695 1 1079
60 118 1.534 1 1080
61 101 0.042 1 1081
61 102 1.2215 1 1082
61 103 1.2925 1 1083
61 104 -1.696 1 1084
61 105 0.372 1 1085
61 106 -0.7165 1 1086
61 107 1.7995 1 1087
61 108 2.525 1 1088
61 109 0.601 1 1089
61 110 0.6315 1 1090
61 111 -0.616 1 1091
61 112 0.7895 1 1092
61 113 1.5775 1 1093
61 114 0.118 1 1094
61 115 0.568 1 1095
61 116 0.21 1 1096
61 117 -1.291 1 1097
61 118 0.883 1 1098
62 101 -1.075 1 1099
62 102 -0.4825 1 1100
62 103 -1.838 1 1101
62 104 -0.658 1 1102
62 105 -0.6815 1 1103
62 106 -1.818 1 1104
62 107 -1.104 1 1105
62 108 1.978 1 1106
62 109 1.7995 1 1107
62 110 -2.328 1 1108
62 111 2.1525 1 1109
62 112 -0.816 1 1110
62 113 0.862 1 1111
62 114 -0.5355 1 1112
62 115 -1.556 1 1113
62 116 -1.7095 1 1114
62 117 0.348 1 1115
62 118 -1.726 1 1116
63 101 0.858 1 1117
63 102 0.002 1 1118
63 103 0.662 1 1119
63 104 0.532 1 1120
63 105 -0.43 1 1121
63 106 -0.4025 1 1122
63 107 0.9915 1 1123
63 108 -0.4125 1 1124
63 109 -1.893 1 1125
63 110 -0.694 1 1126
63 111 -1.9615 1 1127
63 112 2.014 1 1128
63 113 -0.218 1 1129
63 114 0.0505 1 1130
63 115 0.116 1 1131
63 116 1.2645 1 1132
63 117 1.167 1 1133
63 118 0.6305 1 1134
64 101 0.3055 1 1135
64 102 0.58 1 1136
64 103 0.9155 1 1137
64 104 -1.0625 1 1138
64 105 -0.9445 1 1139
64 106 1.8875 1 1140
64 107 1.186 1 1141
64 108 -1.3945 1 1142
64 109 -0.409 1 1143
64 110 -1.54 1 1144
64 111 1.132 1 1145
64 112 -0.178 1 1146
64 113 1.7285 1 1147
64 114 2.3265 1 1148
64 115 0.259 1 1149
64 116 -2.302 1 1150
64 117 -1.342 1 1151
64 118 1.6935 1 1152
65 101 1.392 1 1153
65 102 -0.582 1 1154
65 103 -0.5655 1 1155
65 104 -0.7655 1 1156
65 105 1.01 1 1157
65 106 -0.072 1 1158
65 107 0.482 1 1159
65 108 1.2815 1 1160
65 109 2.235 1 1161
65 110 1.7265 1 1162
65 111 1.139 1 1163
65 112 2.134 1 1164
65 113 1.586 1 1165
65 114 2.0785 1 1166
65 115 -1.2165 1 1167
65 116 1.6785 1 1168
65 117 -0.002 1 1169
65 118 0.088 1 1170
66 101 0.426 1 1171
66 102 -0.769 1 1172
66 103 0.2235 1 1173
66 104 1.1895 1 1174
66 105 0.066 1 1175
66 106 2.1225 1 1176
66 107 1.9985 1 1177
66 108 -1.1155 1 1178
66 109 1.734 1 1179
66 110 0.54 1 1180
66 111 1.3395 1 1181
66 112 0.011 1 1182
66 113 0.512 1 1183
66 114 -0.0265 1 1184
66 115 -0.9375 1 1185
66 116 -0.632 1 1186
66 117 1.164 1 1187
66 118 -0.002 1 1188
67 101 0.192 1 1189
67 102 0.2295 1 1190
67 103 -1.744 1 1191
67 104 -0.6545 1 1192
67 105 0.565 1 1193
67 106 -0.63 1 1194
67 107 1.6 1 1195
67 108 0.1545 1 1196
67 109 0.217 1 1197
67 110 -1.139 1 1198
67 111 -2.1805 1 1199
67 112 1.1305 1 1200
67 113 2.3385 1 1201
67 114 0.6185 1 1202
67 115 1.859 1 1203
67 116 -0.000499994 1 1204
67 117 1.393 1 1205
67 118 -0.512 1 1206
68 101 0.673 1 1207
68 102 -0.143 1 1208
68 103 -0.995 1 1209
68 104 2.0665 1 1210
68 105 0.453 1 1211
68 106 -0.9915 1 1212
68 107 0.1185 1 1213
68 108 -0.1805 1 1214
68 109 1.754 1 1215
68 110 1.552 1 1216
68 111 1.3555 1 1217
68 112 0.75 1 1218
68 113 0.1155 1 1219
68 114 -0.492 1 1220
68 115 -1.861 1 1221
68 116 -0.21 1 1222
68 117 -0.153 1 1223
68 118 1.1725 1 1224
69 101 1.032 1 1225
69 102 0.664 1 1226
69 103 -0.711 1 1227
69 104 -0.507 1 1228
69 105 -1.043 1 1229
69 106 0.944 1 1230
69 107 2.432 1 1231
69 108 2.099 1 1232
69 109 0.6715 1 1233
69 110 -1.863 1 1234
69 111 1.6275 1 1235
69 112 -1.424 1 1236
69 113 -1.4005 1 1237
69 114 0.562 1 1238
69 115 1.0525 1 1239
69 116 -1.612 1 1240
69 117 0.675 1 1241
69 118 -0.156 1 1242
70 101 -0.0765 1 1243
70 102 -1.2545 1 1244
70 103 -1.074 1 1245
70 104 -0.796 1 1246
70 105 -1.2 1 1247
70 106 -1.824 1 1248
70 107 0.486 1 1249
70 108 -0.4155 1 1250
70 109 -0.5445 1 1251
70 110 0.7455 1 1252
70 111 1.1075 1 1253
70 112 1.8995 1 1254
70 113 0.792 1 1255
70 114 -0.766 1 1256
70 115 1.6155 1 1257
70 116 0.6565 1 1258
70 117 -1.022 1 1259
70 118 -1.83 1 1260
71 101 -1.7345 1 1261
71 102 1.013 1 1262
71 103 -1.927 1 1263
71 104 1.324 1 1264
71 105 -1.944 1 1265
71 106 -2.0735 1 1266
71 107 1.2825 1 1267
71 108 -0.977 1 1268
71 109 0.738 1 1269
71 110 0.5575 1 1270
71 111 0.5785 1 1271
71 112 -0.542 1 1272
71 113 -1.186 1 1273
71 114 -1.25 1 1274
71 115 1.944 1 1275
71 116 -0.9235 1 1276
71 117 -1.026 1 1277
71 118 -0.6085 1 1278
72 101 -1.956 1 1279
72 102 0.716 1 1280
72 103 -0.851 1 1281
72 104 -0.329 1 1282
72 105 1.233 1 1283
72 106 -0.486 1 1284
72 107 0.5155 1 1285
72 108 1.98 1 1286
72 109 -0.6615 1 1287
72 110 0.0685 1 1288
72 111 1.336 1 1289
72 112 0.2875 1 1290
72 113 1.2485 1 1291
72 114 -1.4615 1 1292
72 115 1.006 1 1293
72 116 -0.462 1 1294
72 117 -0.757 1 1295
72 118 -1.159 1 1296
73 101 -1.3215 1 1297
73 102 -0.772 1 1298
73 103 0.8335 1 1299
73 104 1.623 1 1300
73 105 1.335 1 1301
73 106 -0.423 1 1302
73 107 0.684 1 1303
73 108 -0.2855 1 1304
73 109 -0.58 1 1305
73 110 -1.1955 1 1306
73 111 -1.27 1 1307
73 112 1.838 1 1308
73 113 0.548 1 1309
73 114 -1.4035 1 1310
73 115 -0.6215 1 1311
73 116 -1.1855 1 1312
73 117 0.691 1 1313
73 118 -0.875 1 1314
74 101 -0.15 1 1315
74 102 -0.395 1 1316
74 103 -0.088 1 1317
74 104 -0.0735 1 1318
74 105 -1.0275 1 1319
74 106 -1.6165 1 1320
74 107 -0.4615 1 1321
74 108 0.698 1 1322
74 109 -1.214 1 1323
74 110 -1.3335 1 1324
74 111 -0.992 1 1325
74 112 1.2 1 1326
74 113 -0.219 1 1327
74 114 -1.7635 1 1328
74 115 -1.6275 1 1329
74 116 -1.286 1 1330
74 117 1.5475 1 1331
74 118 0.0025 1 1332
75 101 -0.235 1 1333
75 102 0.3405 1 1334
75 103 1.278 1 1335
75 104 0.932 1 1336
75 105 -0.4405 1 1337
75 106 0.0695 1 1338
75 107 0.0725 1 1339
75 108 1.2665 1 1340
75 109 0.7125 1 1341
75 110 0.2735 1 1342
75 111 -1.7035 1 1343
75 112 -1.679 1 1344
75 113 0.9505 1 1345
75 114 1.6845 1 1346
75 115 0.2275 1 1347
75 116 -0.225 1 1348
75 117 -0.931 1 1349
75 118 0.075 1 1350
76 101 0.382 1 1351
76 102 0.436 1 1352
76 103 -0.6755 1 1353
76 104 -1.514 1 1354
76 105 0.964 1 1355
76 106 -1.9855 1 1356
76 107 -1.2955 1 1357
76 108 -0.192 1 1358
76 109 -1.0665 1 1359
76 110 -0.143 1 1360
76 111 -0.6525 1 1361
76 112 -0.871 1 1362
76 113 0.01 1 1363
76 114 2.3565 1 1364
76 115 2.4485 1 1365
76 116 0.9645 1 1366
76 117 1.254 1 1367
76 118 -0.722 1 1368
77 101 0.7405 1 1369
77 102 1.6075 1 1370
77 103 -0.2825 1 1371
77 104 1.76 1 1372
77 105 2.322 1 1373
77 106 -0.4625 1 1374
77 107 -2.165 1 1375
77 108 0.381 1 1376
77 109 0.9185 1 1377
77 110 0.981 1 1378
77 111 0.464 1 1379
77 112 1.106 1 1380
77 113 0.863 1 1381
77 114 0.596 1 1382
77 115 0.276 1 1383
77 116 1.166 1 1384
77 117 1.225 1 1385
77 118 -0.769 1 1386
78 101 -1.5765 1 1387
78 102 0.358 1 1388
78 103 1.316 1 1389
78 104 -0.7035 1 1390
78 105 -0.152 1 1391
78 106 -1.3735 1 1392
78 107 0.5725 1 1393
78 108 -0.606 1 1394
78 109 -0.0235 1 1395
78 110 0.339 1 1396
78 111 -1.6825 1 1397
78 112 -1.4935 1 1398
78 113 -1.737 1 1399
78 114 -0.916 1 1400
78 115 2.1585 1 1401
78 116 0.135 1 1402
78 117 -0.148 1 1403
78 118 2.075 1 1404
79 101 1.2405 1 1405
79 102 -1.732 1 1406
79 103 0.8585 1 1407
79 104 1.0295 1 1408
79 105 0.5525 1 1409
79 106 -0.935 1 1410
79 107 1.6915 1 1411
79 108 -2.363 1 1412
79 109 1.33 1 1413
79 110 0.6215 1 1414
79 111 1.458 1 1415
79 112 1.181 1 1416
79 113 -1.892 1 1417
79 114 -1.107 1 1418
79 115 -1.936 1 1419
79 116 -2.024 1 1420
79 117 0.4835 1 1421
79 118 1.006 1 1422
80 101 -2.004 1 1423
80 102 -0.846 1 1424
80 103 -1.5935 1 1425
80 104 -0.5615 1 1426
80 105 1.824 1 1427
80 106 -0.038 1 1428
80 107 0.8775 1 1429
80 108 -0.584 1 1430
80 109 -2 1 1431
80 110 0.6065 1 1432
80 111 1.4295 1 1433
80 112 -1.854 1 1434
80 113 0.4425 1 1435
80 114 -0.0825 1 1436
80 115 1.924 1 1437
80 116 -0.186 1 1438
80 117 -1.582 1 1439
80 118 1.148 1 1440
81 101 1.9075 1 1441
81 102 0.774 1 1442
81 103 -1.555 1 1443
81 104 1.6075 1 1444
81 105 0.9055 1 1445
81 106 1.5845 1 1446
81 107 1.5755 1 1447
81 108 -1.86 1 1448
81 109 -1.448 1 1449
81 110 1.567 1 1450
81 111 0.291 1 1451
81 112 0.287 1 1452
81 113 0.877 1 1453
81 114 -0.3995 1 1454
81 115 -1.964 1 1455
81 116 1.0525 1 1456
81 117 -2.4155 1 1457
81 118 -2.0365 1 1458
82 101 0.44 1 1459
82 102 1.1345 1 1460
82 103 -0.156 1 1461
82 104 0.318 1 1462
82 105 2.2285 1 1463
82 106 -0.939 1 1464
82 107 -1.544 1 1465
82 108 -0.508 1 1466
82 109 2.1665 1 1467
82 110 -1.38 1 1468
82 111 -1.6165 1 1469
82 112 1.1355 1 1470
82 113 -1.05 1 1471
82 114 2.332 1 1472
82 115 -1.318 1 1473
82 116 -0.5995 1 1474
82 117 -0.38 1 1475
82 118 0.1465 1 1476
83 101 -0.467 1 1477
83 102 -0.182 1 1478
83 103 -2.203 1 1479
83 104 -0.5505 1 1480
83 105 0.4575 1 1481
83 106 -0.4455 1 1482
83 107 -0.5255 1 1483
83 108 1.12 1 1484
83 109 2.133 1 1485
83 110 1.345 1 1486
83 111 0.935 1 1487
83 112 1.859 1 1488
83 113 0.2065 1 1489
83 114 -0.4365 1 1490
83 115 1.643 1 1491
83 116 -2.0415 1 1492
83 117 -1.802 1 1493
83 118 0.408 1 1494
84 101 1.0575 1 1495
84 102 -1.44 1 1496
84 103 -1.983 1 1497
84 104 -0.8175 1 1498
84 105 0.9915 1 1499
84 106 -1.0645 1 1500
84 107 1.1065 1 1501
84 108 -0.969 1 1502
84 109 -0.4125 1 1503
84 110 -1.5205 1 1504
84 111 0.965 1 1505
84 112 -1.71 1 1506
84 113 1.4795 1 1507
84 114 -0.9445 1 1508
84 115 0.069 1 1509
84 116 1.577 1 1510
84 117 -0.6305 1 1511
84 118 1.842 1 1512
85 101 -1.0255 1 1513
85 102 0.823 1 1514
85 103 0.897 1 1515
85 104 -0.247 1 1516
85 105 -0.754 1 1517
85 106 0.1665 1 1518
85 107 0.3305 1 1519
85 108 -2.069 1 1520
85 109 -1.265 1 1521
85 110 -0.8005 1 1522
85 111 -0.2995 1 1523
85 112 -0.714 1 1524
85 113 1.998 1 1525
85 114 -0.3945 1 1526
85 115 0.5405 1 1527
85 116 -0.8585 1 1528
85 117 -0.586 1 1529
85 118 0.2225 1 1530
86 101 -0.688 1 1531
86 102 -0.181 1 1532
86 103 -1.784 1 1533
86 104 0.552 1 1534
86 105 -0.713 1 1535
86 106 2.4585 1 1536
86 107 -2.933 1 1537
86 108 -0.631 1 1538
86 109 -1.7405 1 1539
86 110 -1.385 1 1540
86 111 -1.786 1 1541
86 112 0.154 1 1542
86 113 -0.306 1 1543
86 114 0.1665 1 1544
86 115 -1.378 1 1545
86 116 -0.634 1 1546
86 117 -2.595 1 1547
86 118 -0.836 1 1548
87 101 -0.188 1 1549
87 102 -0.102 1 1550
87 103 1.791 1 1551
87 104 -1.3545 1 1552
87 105 -1.522 1 1553
87 106 -1.2335 1 1554
87 107 -0.5935 1 1555
87 108 -1.4385 1 1556
87 109 -0.852 1 1557
87 110 -1.0075 1 1558
87 111 0.511 1 1559
87 112 0.4905 1 1560
87 113 1.103 1 1561
87 114 -1.755 1 1562
87 115 1.361 1 1563
87 116 -2.1445 1 1564
87 117 1.4645 1 1565
87 118 -1.652 1 1566
88 101 1.63 1 1567
88 102 2.2855 1 1568
88 103 -0.065 1 1569
88 104 -1.3525 1 1570
88 105 0.1 1 1571
88 106 -0.108 1 1572
88 107 1.2475 1 1573
88 108 0.549 1 1574
88 109 -0.649 1 1575
88 110 -1.7065 1 1576
88 111 1.5805 1 1577
88 112 -0.8315 1 1578
88 113 1.545 1 1579
88 114 1.0315 1 1580
88 115 2.335 1 1581
88 116 0.2865 1 1582
88 117 1.8445 1 1583
88 118 -1.0645 1 1584
89 101 -1.33 1 1585
89 102 -0.7095 1 1586
89 103 0.42 1 1587
89 104 1.401 1 1588
89 105 0.6595 1 1589
89 106 -1.026 1 1590
89 107 -0.6005 1 1591
89 108 0.5735 1 1592
89 109 -0.29 1 1593
89 110 -1.073 1 1594
89 111 0.3245 1 1595
89 112 0.0925 1 1596
89 113 -0.237 1 1597
89 114 0.1015 1 1598
89 115 0.169 1 1599
89 116 2.5315 1 1600
89 117 1.5505 1 1601
89 118 0.9225 1 1602
90 101 0.03 1 1603
90 102 0.493 1 1604
90 103 -0.046 1 1605
90 104 0.9015 1 1606
90 105 -1.006 1 1607
90 106 0.163 1 1608
90 107 -2.13 1 1609
90 108 1.392 1 1610
90 109 -1.2965 1 1611
90 110 -1.2325 1 1612
90 111 1.276 1 1613
90 112 -1.8755 1 1614
90 113 -0.497 1 1615
90 114 1.663 1 1616
90 115 0.417 1 1617
90 116 2.0265 1 1618
90 117 -0.0175 1 1619
90 118 -1.445 1 1620
91 101 -1.297 1 1621
91 102 0.6815 1 1622
91 103 -0.213 1 1623
91 104 -0.532 1 1624
91 105 0.931 1 1625
91 106 -0.19 1 1626
91 107 -0.472 1 1627
91 108 1.016 1 1628
91 109 -1.0035 1 1629
91 110 2.2075 1 1630
91 111 1.8475 1 1631
91 112 -0.2835 1 1632
91 113 1.8135 1 1633
91 114 2.186 1 1634
91 115 0.8135 1 1635
91 116 0.3705 1 1636
91 117 -1.3845 1 1637
91 118 1.488 1 1638
92 101 -1.2835 1 1639
92 102 -0.333 1 1640
92 103 -0.492 1 1641
92 104 -1.104 1 1642
92 105 0.9555 1 1643
92 106 -1.687 1 1644
92 107 -0.2915 1 1645
92 108 -2.0735 1 1646
92 109 -0.648 1 1647
92 110 -0.7655 1 1648
92 111 -2.146 1 1649
92 112 0.723 1 1650
92 113 0.951 1 1651
92 114 0.44 1 1652
92 115 -0.534 1 1653
92 116 -0.309 1 1654
92 117 -0.77 1 1655
92 118 -1.3025 1 1656
93 101 -0.124 1 1657
93 102 1.2015 1 1658
93 103 2.014 1 1659
93 104 -0.8095 1 1660
93 105 1.8985 1 1661
93 106 -1.872 1 1662
93 107 -1.8365 1 1663
93 108 1.2935 1 1664
93 109 1.425 1 1665
93 110 0.378 1 1666
93 111 0.111 1 1667
93 112 -1.6035 1 1668
93 113 -2.006 1 1669
93 114 -1.658 1 1670
93 115 0.124 1 1671
93 116 -0.1165 1 1672
93 117 -1.3245 1 1673
93 118 -0.547 1 1674
94 101 0.7355 1 1675
94 102 1.308 1 1676
94 103 -0.444 1 1677
94 104 1.635 1 1678
94 105 -0.3895 1 1679
94 106 1.0435 1 1680
94 107 -0.1535 1 1681
94 108 -0.346 1 1682
94 109 -1.557 1 1683
94 110 -0.55 1 1684
94 111 1.6075 1 1685
94 112 1.4135 1 1686
94 113 1.27 1 1687
94 114 -0.576 1 1688
94 115 0.2675 1 1689
94 116 0.194 1 1690
94 117 0.5725 1 1691
94 118 -1.356 1 1692
95 101 -1.795 1 1693
95 102 1.744 1 1694
95 103 -0.3775 1 1695
95 104 -1.5575 1 1696
95 105 0.254 1 1697
95 106 1.929 1 1698
95 107 -0.846 1 1699
95 108 0.522 1 1700
95 109 0.723 1 1701
95 110 0.8545 1 1702
95 111 -0.5075 1 1703
95 112 1.374 1 1704
95 113 -1.1585 1 1705
95 114 -1.872 1 1706
95 115 0.197 1 1707
95 116 0.627 1 1708
95 117 -1.217 1 1709
95 118 -0.241 1 1710
96 101 1.3985 1 1711
96 102 0.2235 1 1712
96 103 -0.3495 1 1713
96 104 2.1155 1 1714
96 105 1.2355 1 1715
96 106 0.0025 1 1716
96 107 -1.59 1 1717
96 108 1.884 1 1718
96 109 2.0225 1 1719
96 110 0.516 1 1720
96 111 0.2555 1 1721
96 112 1.3145 1 1722
96 113 -1.0955 1 1723
96 114 2.0695 1 1724
96 115 -1.8825 1 1725
96 116 0.47 1 1726
96 117 0.693 1 1727
96 118 0.5775 1 1728
97 101 0.994 1 1729
97 102 -0.7325 1 1730
97 103 0.06 1 1731
97 104 0.612 1 1732
97 105 1.008 1 1733
97 106 0.656 1 1734
97 107 -0.422 1 1735
97 108 1.8785 1 1736
97 109 -0.207 1 1737
97 110 -1.256 1 1738
97 111 1.586 1 1739
97 112 -0.861 1 1740
97 113 -0.626 1 1741
97 114 0.25 1 1742
97 115 -0.427 1 1743
97 116 1.616 1 1744
97 117 0.221 1 1745
97 118 0.8875 1 1746
98 101 0.156 1 1747
98 102 -1.3355 1 1748
98 103 -2.1695 1 1749
98 104 -1.638 1 1750
98 105 -1.2685 1 1751
98 106 1.268 1 1752
98 107 0.964 1 1753
98 108 -0.992 1 1754
98 109 1.056 1 1755
98 110 0.313 1 1756
98 111 1.493 1 1757
98 112 0.644 1 1758
98 113 0.758 1 1759
98 114 0.671 1 1760
98 115 1.7605 1 1761
98 116 -1.4805 1 1762
98 117 -0.246 1 1763
98 118 1.7595 1 1764
99 101 -0.893 1 1765
99 102 0.48 1 1766
99 103 2.074 1 1767
99 104 -0.034 1 1768
99 105 1.732 1 1769
99 106 1.762 1 1770
99 107 2.255 1 1771
99 108 -1.11 1 1772
99 109 -0.2465 1 1773
99 110 -1.174 1 1774
99 111 -0.00299999 1 1775
99 112 -1.5465 1 1776
99 113 0.706 1 1777
99 114 -1.527 1 1778
99 115 1.398 1 1779
99 116 2.0395 1 1780
99 117 1.732 1 1781
99 118 1.243 1 1782
100 101 1.215 1 1783
100 102 0.808 1 1784
100 103 -1.144 1 1785
100 104 0.454 1 1786
100 105 0.958 1 1787
100 106 -0.31 1 1788
100 107 0.391 1 1789
100 108 -2.11 1 1790
100 109 -1.885 1 1791
100 110 0.116 1 1792
100 111 -1.373 1 1793
100 112 0.878 1 1794
100 113 -0.6645 1 1795
100 114 -0.9375 1 1796
100 115 -0.434 1 1797
100 116 -0.624 1 1798
100 117 0.8655 1 1799
100 118 0.148 1 1800
119 101 -1.116 1 1801
119 102 0.343 1 1802
119 103 -0.4375 1 1803
119 104 1.755 1 1804
119 105 1.6155 1 1805
119 106 -0.3895 1 1806
119 107 0.618 1 1807
119 108 1.41 1 1808
119 109 0.943 1 1809
119 110 -2.318 1 1810
119 111 0.6595 1 1811
119 112 0.33 1 1812
119 113 0.912 1 1813
119 114 0.383 1 1814
119 115 -1.5095 1 1815
119 116 -0.7275 1 1816
119 117 -0.3355 1 1817
119 118 1.2415 1 1818
