1 1 0
2 1 0
3 1 0
4 1 1
5 1 1
6 1 0
7 1 1
8 1 1
9 1 1
10 1 0
11 1 0
12 1 0
13 1 0
14 1 1
15 1 0
16 1 0
17 1 0
18 1 0
19 1 1
20 1 0
21 1 0
22 1 0
23 1 0
24 1 1
25 1 1
26 1 0
27 1 1
28 1 1
29 1 1
30 1 0
31 1 0
32 1 0
33 1 0
34 1 1
35 1 0
36 1 0
37 1 1
38 1 1
39 1 0
40 1 0
41 1 0
42 1 0
43 1 0
44 1 1
45 1 0
46 1 0
47 1 1
48 1 1
49 1 0
50 1 0
51 1 0
52 1 0
53 1 0
54 1 1
55 1 1
56 1 0
57 1 1
58 1 1
59 1 0
60 1 0
61 1 0
62 1 0
63 1 0
64 1 1
65 1 0
66 1 0
67 1 1
68 1 1
69 1 0
70 1 0
71 1 0
72 1 0
73 1 0
74 1 1
75 1 1
76 1 0
77 1 1
78 1 1
79 1 0
80 1 0
81 1 0
82 1 0
83 1 0
84 1 0
85 1 0
86 1 0
87 1 0
88 1 0
89 1 0
90 1 0
91 1 0
92 1 1
93 1 0
94 1 0
95 1 0
96 1 0
97 1 0
98 1 0
99 1 0
100 1 0
101 3 -5.6765
102 3 1.5095
103 3 -9.117
104 3 3.0655
105 3 1.36
106 3 0.0960001
107 3 -5.5605
108 3 0.0339999
109 3 3.547
110 3 -8.6265
111 3 -10.257
112 3 3.458
113 3 -1.4595
114 3 6.279
115 3 -0.381
116 3 -4.3255
117 3 -1.099
118 3 -3.1995
119 0 1
